1 4018
2 4014
3 3019
4 3019
5 2031
6 2031
7 2030
8 2030
9 1044
10 1044
11 1044
12 1044
13 1044
14 1044
15 1044
16 1044
17 1044
18 1044
19 1044
20 1044
21 1044
22 1044
23 1044
24 1044
25 1044
26 1044
27 1044
28 1044
29 1044
30 1044
31 1044
32 1044
33 1044
34 1044
35 1044
36 1044
37 1044
38 1044
39 1044
40 1044
41 1044
42 1044
43 1044
44 1044
45 1044
46 1044
47 1044
48 1044
49 1044
50 1044
51 1044
52 1044
53 1044
54 1044
55 1044
56 1044
57 1044
58 1044
59 1044
60 1044
61 1044
62 1044
63 1044
64 1044
65 1044
66 1044
67 1044
68 1044
69 1044
70 1044
71 1044
72 1044
73 1044
74 1044
75 1044
76 1044
77 1044
78 1044
79 1044
80 1044
81 1044
82 1044
83 1044
84 1044
85 1044
86 1044
87 1044
88 1044
89 1044
90 1044
91 1044
92 1044
93 1044
94 1044
95 1044
96 1044
97 1044
98 1044
99 1044
100 1044
101 1044
102 1044
103 1044
104 1044
105 1044
106 1044
107 1044
108 1044
109 1044
110 1044
111 1044
112 1044
113 1044
114 1044
115 1044
116 1044
117 1044
118 1044
119 1044
120 1044
121 1044
122 1044
123 1044
124 1044
125 1044
126 1044
127 1044
128 1044
129 1044
130 1044
131 1044
132 1044
133 1044
134 1044
135 1044
136 1044
137 1044
138 1044
139 1044
140 1044
141 1044
142 1044
143 1044
144 1044
145 1044
146 1044
147 1044
148 1044
149 1044
150 1044
151 1044
152 1044
153 1044
154 1044
155 1044
156 1044
157 1044
158 1044
159 1044
160 1043
161 1043
162 1042
163 1042
164 1042
165 1042
166 1042
167 1042
168 1042
169 1042
170 1040
171 1040
172 1040
173 1040
174 1040
175 1040
176 1040
177 1035
178 1035
179 1035
180 1035
181 1035
182 1035
183 1035
184 1035
185 1035
186 1035
187 1035
188 1035
189 1035
190 1035
191 1035
192 1035
193 1035
194 1035
195 1035
196 1035
197 1035
198 1035
199 1035
200 1035
201 1035
202 1035
203 1035
204 1035
205 1035
206 1035
207 1035
208 1035
209 1035
210 1035
211 1035
212 1035
213 1035
214 1035
215 1035
216 1035
217 1035
218 1035
219 1035
220 1035
221 1035
222 1035
223 1035
224 1035
225 1035
226 1035
227 1035
228 1035
229 1035
230 1035
231 1035
232 1035
233 1035
234 1035
235 1035
236 1035
237 1035
238 1035
239 1035
240 1035
241 1035
242 1035
243 1035
244 1035
245 1035
246 1035
247 1035
248 1035
249 1035
250 1035
251 1035
252 1035
253 1035
254 1035
255 1035
256 1035
257 1035
258 1035
259 1035
260 1035
261 1035
262 1035
263 1035
264 1035
265 1035
266 1035
267 1035
268 1035
269 1035
270 1035
271 1035
272 1035
273 1035
274 1035
275 1035
276 1035
277 1035
278 1035
279 1035
280 1035
281 1035
282 1035
283 1035
284 1035
285 1035
286 1035
287 1035
288 1035
289 1035
290 1035
291 1035
292 1035
293 1035
294 1035
295 1035
296 1035
297 1035
298 1035
299 1035
300 1035
301 1035
302 1035
303 1035
304 1035
305 1035
306 1035
307 1035
308 1035
309 1035
310 1035
311 1035
312 1035
313 1035
314 1035
315 1035
316 1035
317 1035
318 1035
319 1035
320 1035
321 1035
322 1035
323 1035
324 1035
325 1035
326 1035
327 1035
328 1035
329 1035
330 1035
331 1035
332 1035
333 1035
334 1035
335 1035
336 1035
337 1035
338 1035
339 1030
340 1030
341 1030
342 1030
343 1030
344 1030
345 1030
346 1030
347 1030
348 1030
349 1030
350 1030
351 1030
352 1030
353 1030
354 1030
355 1030
356 1030
357 1030
358 1030
359 1030
360 1030
361 1030
362 1030
363 1030
364 1030
365 1030
366 1030
367 1030
368 1030
369 1030
370 1030
371 1030
372 1030
373 1030
374 1030
375 1030
376 1030
377 1030
378 1030
379 1030
380 1030
381 1030
382 1030
383 1030
384 1030
385 1030
386 1030
387 1030
388 1030
389 1030
390 1030
391 1030
392 1030
393 1030
394 1030
395 1030
396 1030
397 1030
398 1030
399 1030
400 1030
401 1030
402 1030
403 1030
404 1030
405 1030
406 1030
407 1030
408 1030
409 1030
410 1030
411 1030
412 1030
413 1030
414 1030
415 1030
416 1030
417 1030
418 1030
419 1030
420 1030
421 1030
422 1030
423 1030
424 1030
425 1030
426 1030
427 1030
428 1030
429 1030
430 1030
431 1030
432 1030
433 1030
434 1030
435 1030
436 1030
437 1030
438 1030
439 1030
440 1030
441 1030
442 1030
443 1030
444 1030
445 1030
446 1030
447 1030
448 1030
449 1030
450 1030
451 1030
452 1030
453 1030
454 1030
455 1030
456 1030
457 1030
458 1030
459 1030
460 1030
461 1030
462 1030
463 1030
464 1030
465 1030
466 1030
467 1030
468 1030
469 1030
470 1030
471 1030
472 1030
473 1030
474 1030
475 1030
476 1030
477 1030
478 1030
479 1030
480 1030
481 1030
482 1030
483 1030
484 1030
485 1030
486 1030
487 1030
488 1030
489 1030
490 1030
491 1030
492 1030
493 1030
494 1030
495 1030
496 1030
497 1030
498 1030
499 1030
500 1030
501 1030
502 1030
503 1030
504 1030
505 1030
506 1030
507 1030
508 1030
509 1030
510 1030
511 1030
512 1030
513 1030
514 1030
515 1030
516 1030
517 1030
518 1030
519 1030
520 1030
521 1030
522 1030
523 1030
524 1030
525 1030
526 1030
527 1030
528 1030
529 1030
530 1030
531 1030
532 1030
533 1030
534 1030
535 1030
536 1030
537 1030
538 1030
539 1030
540 1030
541 1030
542 1030
543 1030
544 1030
545 1030
546 1030
547 1030
548 1030
549 1030
550 1030
551 1030
552 1030
553 1030
554 1030
555 1030
556 1030
557 1030
558 1030
559 1030
560 1030
561 1030
562 1030
563 1030
564 1030
565 1030
566 1030
567 1030
568 1030
569 1030
570 1030
571 1030
572 1030
573 1030
574 1030
575 1030
576 1030
577 1030
578 1030
579 1030
580 1030
581 1030
582 1030
583 1030
584 1030
585 1030
586 1030
587 1030
588 1030
589 1030
590 1030
591 1030
592 1030
593 1030
594 1030
595 1030
596 1030
597 1030
598 1030
599 1030
600 1030
601 1030
602 1030
603 1030
604 1030
605 1030
606 1030
607 1030
608 1030
609 1030
610 1030
611 1030
612 1030
613 1030
614 1030
615 1030
616 1030
617 1030
618 1030
619 1030
620 1030
621 1030
622 1030
623 1030
624 1030
625 1030
626 1030
627 1030
628 1030
629 1030
630 1030
631 1030
632 1030
633 1030
634 1030
635 1030
636 1030
637 1030
638 1030
639 1030
640 1030
641 1030
642 1030
643 1030
644 1030
645 1030
646 1030
647 1030
648 1030
649 1030
650 1030
651 1030
652 1030
653 1030
654 1030
655 1030
656 1030
657 1030
658 1030
659 1030
660 1030
661 1030
662 1030
663 1030
664 1030
665 1030
666 1030
667 1030
668 1030
669 1030
670 1030
671 1030
672 1030
673 1030
674 1030
675 1030
676 1030
677 1030
678 1030
679 1030
680 1030
681 1030
682 1030
683 1030
684 1030
685 1030
686 1030
687 1030
688 1030
689 1030
690 1030
691 1030
692 1030
693 1030
694 1030
695 1030
696 1030
697 1030
698 1030
699 1030
700 1030
701 1030
702 1030
703 1030
704 1030
705 1030
706 1030
707 1030
708 1030
709 1030
710 1030
711 1030
712 1030
713 1030
714 1030
715 1030
716 1030
717 1030
718 1030
719 1030
720 1030
721 1030
722 1030
723 1030
724 1030
725 1030
726 1030
727 1030
728 1030
729 1030
730 1030
731 1030
732 1030
733 1030
734 1030
735 1030
736 1030
737 1030
738 1030
739 1030
740 1030
741 1030
742 1030
743 1030
744 1030
745 1030
746 1030
747 1030
748 1030
749 1030
750 1030
751 1030
752 1030
753 1030
754 1030
755 1030
756 1030
757 1030
758 1030
759 1030
760 1030
761 1030
762 1030
763 1030
764 1030
765 1030
766 1030
767 1030
768 1030
769 1030
770 1030
771 1030
772 1030
773 1030
774 1030
775 1030
776 1030
777 1030
778 1030
779 1030
780 1030
781 1030
782 1030
783 1030
784 1030
785 1030
786 1030
787 1030
788 1030
789 1030
790 1030
791 1030
792 1030
793 1030
794 1030
795 1030
796 1030
797 1030
798 1030
799 1030
800 1030
801 1030
802 1030
803 1030
804 1030
805 1030
806 1030
807 1030
808 1030
809 1030
810 1030
811 1030
812 1030
813 1030
814 1030
815 1030
816 1030
817 1030
818 1030
819 1030
820 1030
821 1030
822 1030
823 1030
824 1030
825 1030
826 1030
827 1030
828 1030
829 1030
830 1030
831 1030
832 1030
833 1030
834 1030
835 1030
836 1030
837 1030
838 1030
839 1030
840 1030
841 1030
842 1030
843 1030
844 1030
845 1030
846 1030
847 1030
848 1030
849 1030
850 1030
851 1030
852 1030
853 1030
854 1030
855 1030
856 1030
857 1030
858 1030
859 1030
860 1030
861 1030
862 1030
863 1030
864 1030
865 1030
866 1030
867 1030
868 1030
869 1030
870 1030
871 1030
872 1030
873 1030
874 1030
875 1030
876 1030
877 1030
878 1030
879 1030
880 1030
881 1030
882 1030
883 1030
884 1030
885 1030
886 1030
887 1030
888 1030
889 1030
890 1030
891 1030
892 1030
893 1030
894 1030
895 1030
896 1030
897 1030
898 1030
899 1030
900 1030
901 1030
902 1030
903 1030
904 1030
905 1030
906 1030
907 1030
908 1030
909 1030
910 1030
911 1030
912 1030
913 1030
914 1030
915 1030
916 1030
917 1030
918 1030
919 1030
920 1030
921 1030
922 1030
923 1030
924 1030
925 1030
926 1030
927 1030
928 1030
929 1030
930 1030
931 1030
932 1030
933 1030
934 1030
935 1030
936 1030
937 1030
938 1030
939 1030
940 1030
941 1030
942 1030
943 1030
944 1030
945 1030
946 1030
947 1030
948 1030
949 1030
950 1030
951 1030
952 1030
953 1030
954 1030
955 1030
956 1030
957 1030
958 1030
959 1030
960 1030
961 1030
962 1030
963 1030
964 1030
965 1030
966 1030
967 1030
968 1030
969 1030
970 1030
971 1030
972 1030
973 1030
974 1030
975 1030
976 1030
977 1030
978 1030
979 1030
980 1030
981 1030
982 1030
983 1030
984 1030
985 1030
986 1030
987 1030
988 1030
989 1030
990 1030
991 1030
992 1030
993 1030
994 1030
995 1030
996 1030
997 1030
998 1030
999 1030
1000 1030
1001 1030
1002 1030
1003 1030
1004 1030
1005 1030
1006 1030
1007 1030
1008 1030
1009 1030
1010 1030
1011 1030
1012 1030
1013 1030
1014 1030
1015 1030
1016 1030
1017 1030
1018 1030
1019 1030
1020 1030
1021 1030
1022 1030
1023 1030
1024 1030
1025 1030
1026 1030
1027 1030
1028 1030
1029 1030
1030 1030
1031 1030
1032 1030
1033 1030
1034 1030
1035 1030
1036 1030
1037 1030
1038 1030
1039 1030
1040 1030
1041 1030
1042 1030
1043 1030
1044 1030
1045 1030
1046 1030
1047 1030
1048 1030
1049 1030
1050 1030
1051 1030
1052 1030
1053 1030
1054 1030
1055 1030
1056 1030
1057 1030
1058 1030
1059 1030
1060 1030
1061 1030
1062 1030
1063 1030
1064 1030
1065 1030
1066 1030
1067 1030
1068 1030
1069 1030
1070 1030
1071 1030
1072 1030
1073 1030
1074 1030
1075 1030
1076 1030
1077 1030
1078 1030
1079 1030
1080 1030
1081 1030
1082 1030
1083 1030
1084 1030
1085 1030
1086 1030
1087 1030
1088 1030
1089 1030
1090 1030
1091 1030
1092 1030
1093 1030
1094 1030
1095 1030
1096 1030
1097 1030
1098 1030
1099 1030
1100 1030
1101 1030
1102 1030
1103 1030
1104 1030
1105 1030
1106 1030
1107 1030
1108 1030
1109 1030
1110 1030
1111 1030
1112 1030
1113 1030
1114 1030
1115 1030
1116 1030
1117 1030
1118 1030
1119 1030
1120 1030
1121 1030
1122 1030
1123 1030
1124 1030
1125 1030
1126 1030
1127 1030
1128 1030
1129 1030
1130 1030
1131 1030
1132 1030
1133 1030
1134 1030
1135 1030
1136 1030
1137 1030
1138 1030
1139 1030
1140 1030
1141 1030
1142 1030
1143 1030
1144 1030
1145 1030
1146 1030
1147 1030
1148 1030
1149 1030
1150 1030
1151 1030
1152 1030
1153 1030
1154 1030
1155 1030
1156 1030
1157 1030
1158 1030
1159 1030
1160 1030
1161 1030
1162 1030
1163 1030
1164 1030
1165 1030
1166 1030
1167 1030
1168 1030
1169 1030
1170 1030
1171 1030
1172 1030
1173 1030
1174 1030
1175 1030
1176 1030
1177 1030
1178 1030
1179 1030
1180 1030
1181 1030
1182 1030
1183 1030
1184 1030
1185 1030
1186 1030
1187 1030
1188 1030
1189 1030
1190 1030
1191 1030
1192 1030
1193 1030
1194 1030
1195 1030
1196 1030
1197 1030
1198 1030
1199 1030
1200 1030
1201 1030
1202 1030
1203 1030
1204 1030
1205 1030
1206 1030
1207 1030
1208 1030
1209 1030
1210 1030
1211 1030
1212 1030
1213 1030
1214 1030
1215 1030
1216 1030
1217 1030
1218 1030
1219 1030
1220 1030
1221 1030
1222 1030
1223 1030
1224 1030
1225 1030
1226 1030
1227 1030
1228 1030
1229 1030
1230 1030
1231 1030
1232 1030
1233 1030
1234 1030
1235 1030
1236 1030
1237 1030
1238 1030
1239 1030
1240 1030
1241 1030
1242 1030
1243 1030
1244 1030
1245 1030
1246 1030
1247 1030
1248 1030
1249 1030
1250 1030
1251 1030
1252 1030
1253 1030
1254 1030
1255 1030
1256 1030
1257 1030
1258 1030
1259 1030
1260 1030
1261 1030
1262 1030
1263 1030
1264 1030
1265 1030
1266 1030
1267 1030
1268 1030
1269 1030
1270 1030
1271 1030
1272 1030
1273 1030
1274 1030
1275 1030
1276 1030
1277 1030
1278 1030
1279 1030
1280 1030
1281 1030
1282 1030
1283 1030
1284 1030
1285 1030
1286 1030
1287 1030
1288 1030
1289 1030
1290 1030
1291 1030
1292 1030
1293 1030
1294 1030
1295 1030
1296 1030
1297 1030
1298 1030
1299 1030
1300 1030
1301 1030
1302 1030
1303 1030
1304 1030
1305 1030
1306 1030
1307 1030
1308 1030
1309 1030
1310 1030
1311 1030
1312 1030
1313 1030
1314 1030
1315 1030
1316 1030
1317 1030
1318 1030
1319 1030
1320 1030
1321 1030
1322 1030
1323 1030
1324 1030
1325 1030
1326 1030
1327 1030
1328 1030
1329 1030
1330 1030
1331 1030
1332 1030
1333 1030
1334 1030
1335 1030
1336 1030
1337 1030
1338 1030
1339 1030
1340 1030
1341 1030
1342 1030
1343 1030
1344 1030
1345 1030
1346 1030
1347 1030
1348 1030
1349 1030
1350 1030
1351 1030
1352 1030
1353 1030
1354 1030
1355 1030
1356 1030
1357 1030
1358 1030
1359 1030
1360 1030
1361 1030
1362 1030
1363 1030
1364 1030
1365 1030
1366 1030
1367 1030
1368 1030
1369 1030
1370 1030
1371 1030
1372 1030
1373 1030
1374 1030
1375 1030
1376 1030
1377 1030
1378 1030
1379 1030
1380 1030
1381 1030
1382 1030
1383 1030
1384 1030
1385 1030
1386 1030
1387 1030
1388 1030
1389 1030
1390 1030
1391 1030
1392 1030
1393 1030
1394 1030
1395 1030
1396 1030
1397 1030
1398 1030
1399 1030
1400 1030
1401 1030
1402 1030
1403 1030
1404 1030
1405 1030
1406 1030
1407 1030
1408 1030
1409 1030
1410 1030
1411 1030
1412 1030
1413 1030
1414 1030
1415 1030
1416 1030
1417 1030
1418 1030
1419 1030
1420 1030
1421 1030
1422 1030
1423 1030
1424 1030
1425 1030
1426 1030
1427 1030
1428 1030
1429 1030
1430 1030
1431 1030
1432 1030
1433 1030
1434 1030
1435 1030
1436 1030
1437 1030
1438 1030
1439 1030
1440 1030
1441 1030
1442 1030
1443 1030
1444 1030
1445 1030
1446 1030
1447 1030
1448 1030
1449 1030
1450 1030
1451 1030
1452 1030
1453 1030
1454 1030
1455 1030
1456 1030
1457 1030
1458 1030
1459 1030
1460 1030
1461 1030
1462 1030
1463 1030
1464 1030
1465 1030
1466 1030
1467 1030
1468 1030
1469 1030
1470 1030
1471 1030
1472 1030
1473 1030
1474 1030
1475 1030
1476 1030
1477 1030
1478 1030
1479 1030
1480 1030
1481 1030
1482 1030
1483 1030
1484 1030
1485 1030
1486 1030
1487 1030
1488 1030
1489 1030
1490 1030
1491 1030
1492 1030
1493 1030
1494 1030
1495 1030
1496 1030
1497 1030
1498 1030
1499 1030
1500 1030
1501 1030
1502 1030
1503 1030
1504 1030
1505 1030
1506 1030
1507 1030
1508 1030
1509 1030
1510 1030
1511 1030
1512 1030
1513 1030
1514 1030
1515 1030
1516 1030
1517 1030
1518 1030
1519 1030
1520 1030
1521 1030
1522 1030
1523 1030
1524 1030
1525 1030
1526 1030
1527 1030
1528 1030
1529 1030
1530 1030
1531 1030
1532 1030
1533 1030
1534 1030
1535 1030
1536 1030
1537 1030
1538 1030
1539 1030
1540 1030
1541 1030
1542 1030
1543 1030
1544 1030
1545 1030
1546 1030
1547 1030
1548 1030
1549 1030
1550 1030
1551 1030
1552 1030
1553 1030
1554 1030
1555 1030
1556 1030
1557 1030
1558 1030
1559 1030
1560 1030
1561 1030
1562 1030
1563 1030
1564 1030
1565 1030
1566 1030
1567 1030
1568 1030
1569 1030
1570 1030
1571 1030
1572 1030
1573 1030
1574 1030
1575 1030
1576 1030
1577 1030
1578 1030
1579 1030
1580 1030
1581 1030
1582 1030
1583 1030
1584 1030
1585 1030
1586 1030
1587 1030
1588 1030
1589 1030
1590 1030
1591 1030
1592 1030
1593 1030
1594 1030
1595 1030
1596 1030
1597 1030
1598 1030
1599 1030
1600 1030
1601 1030
1602 1030
1603 1030
1604 1030
1605 1030
1606 1030
1607 1030
1608 1030
1609 1030
1610 1030
1611 1030
1612 1030
1613 1030
1614 1030
1615 1030
1616 1030
1617 1030
1618 1030
1619 1030
1620 1030
1621 1030
1622 1030
1623 1030
1624 1030
1625 1030
1626 1030
1627 1030
1628 1030
1629 1030
1630 1030
1631 1030
1632 1030
1633 1030
1634 1030
1635 1030
1636 1030
1637 1030
1638 1030
1639 1030
1640 1030
1641 1030
1642 1030
1643 1030
1644 1030
1645 1030
1646 1030
1647 1030
1648 1030
1649 1030
1650 1030
1651 1030
1652 1030
1653 1030
1654 1030
1655 1030
1656 1030
1657 1030
1658 1030
1659 1030
1660 1030
1661 1030
1662 1030
1663 1030
1664 1030
1665 1030
1666 1030
1667 1030
1668 1030
1669 1030
1670 1030
1671 1030
1672 1030
1673 1030
1674 1030
1675 1030
1676 1030
1677 1030
1678 1030
1679 1030
1680 1030
1681 1030
1682 1030
1683 1030
1684 1030
1685 1030
1686 1030
1687 1030
1688 1030
1689 1030
1690 1030
1691 1030
1692 1030
1693 1030
1694 1030
1695 1030
1696 1030
1697 1030
1698 1030
1699 1030
1700 1030
1701 1030
1702 1030
1703 1030
1704 1030
1705 1030
1706 1030
1707 1030
1708 1030
1709 1030
1710 1030
1711 1030
1712 1030
1713 1030
1714 1030
1715 1030
1716 1030
1717 1030
1718 1030
1719 1030
1720 1030
1721 1030
1722 1030
1723 1030
1724 1030
1725 1030
1726 1030
1727 1030
1728 1030
1729 1030
1730 1030
1731 1030
1732 1030
1733 1030
1734 1030
1735 1030
1736 1030
1737 1030
1738 1030
1739 1030
1740 1030
1741 1030
1742 1030
1743 1030
1744 1030
1745 1030
1746 1030
1747 1030
1748 1030
1749 1030
1750 1030
1751 1030
1752 1030
1753 1030
1754 1030
1755 1030
1756 1030
1757 1030
1758 1030
1759 1030
1760 1030
1761 1030
1762 1030
1763 1030
1764 1030
1765 1030
1766 1030
1767 1030
1768 1030
1769 1030
1770 1030
1771 1030
1772 1030
1773 1030
1774 1030
1775 1030
1776 1030
1777 1030
1778 1030
1779 1030
1780 1030
1781 1030
1782 1030
1783 1030
1784 1030
1785 1030
1786 1030
1787 1030
1788 1030
1789 1030
1790 1030
1791 1030
1792 1030
1793 1030
1794 1030
1795 1030
1796 1030
1797 1030
1798 1030
1799 1030
1800 1030
1801 1030
1802 1030
1803 1030
1804 1030
1805 1030
1806 1030
1807 1030
1808 1030
1809 1030
1810 1030
1811 1030
1812 1030
1813 1030
1814 1030
1815 1030
1816 1030
1817 1030
1818 1030
1819 1030
1820 1030
1821 1030
1822 1030
1823 1030
1824 1030
1825 1030
1826 1030
1827 1030
1828 1030
1829 1030
1830 1030
1831 1030
1832 1030
1833 1030
1834 1030
1835 1030
1836 1030
1837 1030
1838 1030
1839 1030
1840 1030
1841 1030
1842 1030
1843 1030
1844 1030
1845 1030
1846 1030
1847 1030
1848 1030
1849 1030
1850 1030
1851 1030
1852 1030
1853 1030
1854 1030
1855 1030
1856 1030
1857 1030
1858 1030
1859 1030
1860 1030
1861 1030
1862 1030
1863 1030
1864 1030
1865 1030
1866 1030
1867 1030
1868 1030
1869 1030
1870 1030
1871 1030
1872 1030
1873 1030
1874 1030
1875 1030
1876 1030
1877 1030
1878 1030
1879 1030
1880 1030
1881 1030
1882 1030
1883 1030
1884 1030
1885 1030
1886 1030
1887 1030
1888 1030
1889 1030
1890 1030
1891 1030
1892 1030
1893 1030
1894 1030
1895 1030
1896 1030
1897 1030
1898 1030
1899 1030
1900 1030
1901 1030
1902 1030
1903 1030
1904 1030
1905 1030
1906 1030
1907 1030
1908 1030
1909 1030
1910 1030
1911 1030
1912 1030
1913 1030
1914 1030
1915 1030
1916 1030
1917 1030
1918 1030
1919 1030
1920 1030
1921 1030
1922 1030
1923 1030
1924 1030
1925 1030
1926 1030
1927 1030
1928 1030
1929 1030
1930 1030
1931 1030
1932 1030
1933 1030
1934 1030
1935 1030
1936 1030
1937 1030
1938 1030
1939 1030
1940 1030
1941 1030
1942 1030
1943 1030
1944 1030
1945 1030
1946 1030
1947 1030
1948 1030
1949 1030
1950 1030
1951 1030
1952 1030
1953 1030
1954 1030
1955 1030
1956 1030
1957 1030
1958 1030
1959 1030
1960 1030
1961 1030
1962 1030
1963 1030
1964 1030
1965 1030
1966 1030
1967 1030
1968 1030
1969 1030
1970 1030
1971 1030
1972 1030
1973 1030
1974 1030
1975 1030
1976 1030
1977 1030
1978 1030
1979 1030
1980 1030
1981 1030
1982 1030
1983 1030
1984 1030
1985 1030
1986 1030
1987 1030
1988 1030
1989 1030
1990 1030
1991 1030
1992 1030
1993 1030
1994 1030
1995 1030
1996 1030
1997 1030
1998 1030
1999 1030
2000 1030
2001 1030
2002 1030
2003 1030
2004 1030
2005 1030
2006 1030
2007 1030
2008 1030
2009 1030
2010 1030
2011 1030
2012 1030
2013 1030
2014 1030
2015 1030
2016 1030
2017 1030
2018 1030
2019 1030
2020 1030
2021 1030
2022 1030
2023 1030
2024 1030
2025 1030
2026 1030
2027 1030
2028 1030
2029 1030
2030 1030
2031 1030
2032 1030
2033 1030
2034 1030
2035 1030
2036 1030
2037 1030
2038 1030
2039 1030
2040 1030
2041 1030
2042 1030
2043 1030
2044 1030
2045 1030
2046 1030
2047 1030
2048 1030
2049 1030
2050 1030
2051 1030
2052 1030
2053 1030
2054 1030
2055 1030
2056 1030
2057 1030
2058 1030
2059 1030
2060 1030
2061 1030
2062 1030
2063 1030
2064 1030
2065 1030
2066 1030
2067 1030
2068 1030
2069 1030
2070 1030
2071 1030
2072 1030
2073 1030
2074 1030
2075 1030
2076 1030
2077 1030
2078 1030
2079 1030
2080 1030
2081 1030
2082 1030
2083 1030
2084 1030
2085 1030
2086 1030
2087 1030
2088 1030
2089 1030
2090 1030
2091 1030
2092 1030
2093 1030
2094 1030
2095 1030
2096 1030
2097 1030
2098 1030
2099 1030
2100 1030
2101 1030
2102 1030
2103 1030
2104 1030
2105 1030
2106 1030
2107 1030
2108 1030
2109 1030
2110 1030
2111 1030
2112 1030
2113 1030
2114 1030
2115 1030
2116 1030
2117 1030
2118 1030
2119 1030
2120 1030
2121 1030
2122 1030
2123 1030
2124 1030
2125 1030
2126 1030
2127 1030
2128 1030
2129 1030
2130 1030
2131 1030
2132 1030
2133 1030
2134 1030
2135 1030
2136 1030
2137 1030
2138 1030
2139 1030
2140 1030
2141 1030
2142 1030
2143 1030
2144 1030
2145 1030
2146 1030
2147 1030
2148 1030
2149 1030
2150 1030
2151 1030
2152 1030
2153 1030
2154 1030
2155 1030
2156 1030
2157 1030
2158 1030
2159 1030
2160 1030
2161 1030
2162 1030
2163 1030
2164 1030
2165 1030
2166 1030
2167 1030
2168 1030
2169 1030
2170 1030
2171 1030
2172 1030
2173 1030
2174 1030
2175 1030
2176 1030
2177 1030
2178 1030
2179 1030
2180 1030
2181 1030
2182 1030
2183 1030
2184 1030
2185 1030
2186 1030
2187 1030
2188 1030
2189 1030
2190 1030
2191 1030
2192 1030
2193 1030
2194 1030
2195 1030
2196 1030
2197 1030
2198 1030
2199 1030
2200 1030
2201 1030
2202 1030
2203 1030
2204 1030
2205 1030
2206 1030
2207 1030
2208 1030
2209 1030
2210 1030
2211 1030
2212 1030
2213 1030
2214 1030
2215 1030
2216 1030
2217 1030
2218 1030
2219 1030
2220 1030
2221 1030
2222 1030
2223 1030
2224 1030
2225 1030
2226 1030
2227 1030
2228 1030
2229 1030
2230 1030
2231 1030
2232 1030
2233 1030
2234 1030
2235 1030
2236 1030
2237 1030
2238 1030
2239 1030
2240 1030
2241 1030
2242 1030
2243 1030
2244 1030
2245 1030
2246 1030
2247 1030
2248 1030
2249 1030
2250 1030
2251 1030
2252 1030
2253 1030
2254 1030
2255 1030
2256 1030
2257 1030
2258 1030
2259 1030
2260 1030
2261 1030
2262 1030
2263 1030
2264 1030
2265 1030
2266 1030
2267 1030
2268 1030
2269 1030
2270 1030
2271 1030
2272 1030
2273 1030
2274 1030
2275 1030
2276 1030
2277 1030
2278 1030
2279 1030
2280 1030
2281 1030
2282 1030
2283 1030
2284 1030
2285 1030
2286 1030
2287 1030
2288 1030
2289 1030
2290 1030
2291 1030
2292 1030
2293 1030
2294 1030
2295 1030
2296 1030
2297 1030
2298 1030
2299 1030
2300 1030
2301 1030
2302 1030
2303 1030
2304 1030
2305 1030
2306 1030
2307 1030
2308 1030
2309 1030
2310 1030
2311 1030
2312 1030
2313 1030
2314 1030
2315 1030
2316 1030
2317 1030
2318 1030
2319 1030
2320 1030
2321 1030
2322 1030
2323 1030
2324 1030
2325 1030
2326 1030
2327 1030
2328 1030
2329 1030
2330 1030
2331 1030
2332 1030
2333 1030
2334 1030
2335 1030
2336 1030
2337 1030
2338 1030
2339 1030
2340 1030
2341 1030
2342 1030
2343 1030
2344 1030
2345 1030
2346 1030
2347 1030
2348 1030
2349 1030
2350 1030
2351 1030
2352 1030
2353 1030
2354 1030
2355 1030
2356 1030
2357 1030
2358 1030
2359 1030
2360 1030
2361 1030
2362 1030
2363 1030
2364 1030
2365 1030
2366 1030
2367 1030
2368 1030
2369 1030
2370 1030
2371 1030
2372 1030
2373 1030
2374 1030
2375 1030
2376 1030
2377 1030
2378 1030
2379 1030
2380 1030
2381 1030
2382 1030
2383 1030
2384 1030
2385 1030
2386 1030
2387 1030
2388 1030
2389 1030
2390 1030
2391 1030
2392 1030
2393 1030
2394 1030
2395 1030
2396 1030
2397 1030
2398 1030
2399 1030
2400 1030
2401 1030
2402 1030
2403 1030
2404 1030
2405 1030
2406 1030
2407 1030
2408 1030
2409 1030
2410 1030
2411 1030
2412 1030
2413 1030
2414 1030
2415 1030
2416 1030
2417 1030
2418 1030
2419 1030
2420 1030
2421 1030
2422 1030
2423 1030
2424 1030
2425 1030
2426 1030
2427 1030
2428 1030
2429 1030
2430 1030
2431 1030
2432 1030
2433 1030
2434 1030
2435 1030
2436 1030
2437 1030
2438 1030
2439 1030
2440 1030
2441 1030
2442 1030
2443 1030
2444 1030
2445 1030
2446 1030
2447 1030
2448 1030
2449 1030
2450 1030
2451 1030
2452 1030
2453 1030
2454 1030
2455 1030
2456 1030
2457 1030
2458 62
2459 62
2460 62
2461 62
2462 62
2463 62
2464 62
2465 62
2466 62
2467 62
2468 62
2469 62
2470 62
2471 62
2472 62
2473 62
2474 62
2475 62
2476 62
2477 62
2478 62
2479 62
2480 62
2481 62
2482 62
2483 62
2484 62
2485 62
2486 62
2487 62
2488 62
2489 62
2490 62
2491 62
2492 54
2493 54
2494 54
2495 54
2496 54
2497 54
2498 54
2499 54
2500 54
2501 54
2502 54
2503 54
2504 54
2505 54
2506 54
2507 54
2508 54
2509 54
2510 54
2511 54
2512 54
2513 54
2514 54
2515 54
2516 54
2517 54
2518 54
2519 54
2520 54
2521 54
2522 54
2523 54
2524 54
2525 54
2526 54
2527 54
2528 54
2529 54
2530 54
2531 54
2532 54
2533 54
2534 54
2535 54
2536 54
2537 54
2538 54
2539 54
2540 54
2541 54
2542 54
2543 54
2544 54
2545 54
2546 54
2547 54
2548 54
2549 54
2550 54
2551 54
2552 54
2553 54
2554 54
2555 54
2556 54
2557 54
2558 54
2559 54
2560 54
2561 54
2562 54
2563 54
2564 54
2565 54
2566 54
2567 54
2568 54
2569 54
2570 54
2571 54
2572 54
2573 54
2574 54
2575 54
2576 54
2577 54
2578 54
2579 54
2580 54
2581 54
2582 54
2583 54
2584 54
2585 54
2586 54
2587 54
2588 54
2589 54
2590 54
2591 54
2592 54
2593 54
2594 54
2595 54
2596 54
2597 54
2598 54
2599 54
2600 54
2601 54
2602 54
2603 54
2604 54
2605 54
2606 54
2607 54
2608 54
2609 54
2610 54
2611 54
2612 54
2613 54
2614 54
2615 54
2616 54
2617 54
2618 54
2619 54
2620 54
2621 54
2622 54
2623 54
2624 54
2625 54
2626 54
2627 54
2628 54
2629 54
2630 54
2631 54
2632 54
2633 54
2634 54
2635 54
2636 54
2637 54
2638 54
2639 54
2640 54
2641 54
2642 54
2643 54
2644 54
2645 54
2646 54
2647 54
2648 54
2649 54
2650 54
2651 54
2652 54
2653 54
2654 54
2655 54
2656 54
2657 54
2658 54
2659 54
2660 54
2661 54
2662 54
2663 54
2664 54
2665 54
2666 54
2667 54
2668 54
2669 54
2670 54
2671 54
2672 54
2673 54
2674 54
2675 54
2676 54
2677 54
2678 54
2679 54
2680 54
2681 54
2682 54
2683 54
2684 54
2685 54
2686 54
2687 54
2688 54
2689 54
2690 54
2691 54
2692 54
2693 54
2694 54
2695 54
2696 54
2697 54
2698 54
2699 54
2700 54
2701 54
2702 54
2703 54
2704 54
2705 54
2706 54
2707 54
2708 54
2709 54
2710 54
2711 54
2712 54
2713 54
2714 54
2715 54
2716 54
2717 54
2718 54
2719 54
2720 54
2721 54
2722 54
2723 54
2724 54
2725 54
2726 54
2727 54
2728 54
2729 54
2730 54
2731 54
2732 54
2733 54
2734 54
2735 54
2736 54
2737 54
2738 54
2739 54
2740 54
2741 54
2742 54
2743 54
2744 54
2745 54
2746 54
2747 54
2748 54
2749 54
2750 54
2751 54
2752 54
2753 54
2754 54
2755 54
2756 54
2757 54
2758 54
2759 54
2760 54
2761 54
2762 54
2763 54
2764 54
2765 54
2766 54
2767 54
2768 54
2769 54
2770 54
2771 54
2772 54
2773 54
2774 54
2775 54
2776 54
2777 54
2778 54
2779 54
2780 54
2781 54
2782 54
2783 54
2784 54
2785 54
2786 54
2787 54
2788 54
2789 54
2790 54
2791 54
2792 54
2793 54
2794 54
2795 54
2796 54
2797 54
2798 54
2799 54
2800 54
2801 54
2802 54
2803 54
2804 54
2805 54
2806 54
2807 54
2808 54
2809 54
2810 54
2811 54
2812 54
2813 54
2814 54
2815 54
2816 54
2817 54
2818 54
2819 54
2820 54
2821 54
2822 54
2823 54
2824 54
2825 54
2826 54
2827 54
2828 54
2829 54
2830 54
2831 54
2832 54
2833 54
2834 54
2835 54
2836 54
2837 54
2838 54
2839 54
2840 54
2841 54
2842 54
2843 54
2844 54
2845 54
2846 54
2847 54
2848 54
2849 54
2850 54
2851 54
2852 54
2853 54
2854 54
2855 54
2856 54
2857 54
2858 54
2859 54
2860 54
2861 54
2862 54
2863 54
2864 54
2865 54
2866 54
2867 54
2868 54
2869 54
2870 54
2871 54
2872 54
2873 54
2874 54
2875 54
2876 54
2877 54
2878 54
2879 54
2880 54
2881 54
2882 54
2883 54
2884 54
2885 54
2886 54
2887 54
2888 54
2889 54
2890 54
2891 54
2892 54
2893 54
2894 54
2895 54
2896 54
2897 54
2898 54
2899 54
2900 54
2901 54
2902 54
2903 54
2904 54
2905 54
2906 54
2907 54
2908 54
2909 54
2910 54
2911 54
2912 54
2913 54
2914 54
2915 54
2916 54
2917 54
2918 54
2919 54
2920 54
2921 54
2922 54
2923 54
2924 54
2925 54
2926 54
2927 54
2928 54
2929 54
2930 54
2931 54
2932 54
2933 54
2934 54
2935 54
2936 54
2937 54
2938 54
2939 54
2940 54
2941 54
2942 54
2943 54
2944 54
2945 54
2946 54
2947 54
2948 54
2949 54
2950 54
2951 54
2952 54
2953 54
2954 54
2955 54
2956 54
2957 54
2958 54
2959 54
2960 54
2961 54
2962 54
2963 54
2964 54
2965 54
2966 54
2967 54
2968 54
2969 54
2970 54
2971 54
2972 54
2973 54
2974 54
2975 54
2976 54
2977 54
2978 54
2979 54
2980 54
2981 54
2982 54
2983 54
2984 54
2985 54
2986 54
2987 54
2988 54
2989 54
2990 54
2991 54
2992 54
2993 54
2994 54
2995 54
2996 54
2997 54
2998 54
2999 54
3000 54
3001 54
3002 54
3003 54
3004 54
3005 54
3006 54
3007 54
3008 54
3009 54
3010 54
3011 54
3012 54
3013 54
3014 54
3015 54
3016 54
3017 54
3018 54
3019 54
3020 54
3021 54
3022 54
3023 54
3024 54
3025 54
3026 54
3027 54
3028 54
3029 54
3030 54
3031 54
3032 54
3033 54
3034 54
3035 54
3036 54
3037 54
3038 54
3039 54
3040 54
3041 54
3042 54
3043 54
3044 54
3045 54
3046 54
3047 54
3048 54
3049 54
3050 54
3051 54
3052 54
3053 54
3054 54
3055 54
3056 54
3057 54
3058 54
3059 54
3060 54
3061 54
3062 54
3063 54
3064 54
3065 54
3066 54
3067 54
3068 54
3069 54
3070 54
3071 54
3072 54
3073 54
3074 54
3075 54
3076 54
3077 54
3078 54
3079 54
3080 54
3081 54
3082 54
3083 54
3084 54
3085 54
3086 54
3087 54
3088 54
3089 54
3090 54
3091 54
3092 54
3093 54
3094 54
3095 54
3096 54
3097 54
3098 54
3099 54
3100 54
3101 54
3102 54
3103 54
3104 54
3105 54
3106 54
3107 54
3108 54
3109 54
3110 54
3111 54
3112 54
3113 54
3114 54
3115 54
3116 54
3117 54
3118 54
3119 54
3120 54
3121 54
3122 54
3123 54
3124 54
3125 54
3126 54
3127 54
3128 54
3129 54
3130 54
3131 54
3132 54
3133 54
3134 54
3135 54
3136 54
3137 54
3138 54
3139 54
3140 54
3141 54
3142 54
3143 54
3144 54
3145 54
3146 54
3147 54
3148 54
3149 54
3150 54
3151 54
3152 54
3153 54
3154 54
3155 54
3156 54
3157 54
3158 54
3159 54
3160 54
3161 54
3162 54
3163 54
3164 54
3165 52
3166 52
3167 52
3168 52
3169 52
3170 52
3171 52
3172 52
3173 52
3174 52
3175 52
3176 52
3177 52
3178 52
3179 52
3180 52
3181 52
3182 52
3183 52
3184 52
3185 52
3186 52
3187 52
3188 52
3189 52
3190 52
3191 52
3192 52
3193 52
3194 52
3195 52
3196 52
3197 52
3198 52
3199 52
3200 52
3201 52
3202 52
3203 52
3204 52
3205 52
3206 52
3207 52
3208 52
3209 52
3210 52
3211 52
3212 52
3213 52
3214 52
3215 52
3216 52
3217 52
3218 52
3219 52
3220 52
3221 52
3222 52
3223 52
3224 52
3225 52
3226 52
3227 52
3228 52
3229 52
3230 52
3231 52
3232 52
3233 52
3234 52
3235 52
3236 52
3237 52
3238 52
3239 52
3240 52
3241 52
3242 52
3243 52
3244 52
3245 52
3246 52
3247 52
3248 52
3249 52
3250 52
3251 52
3252 52
3253 52
3254 52
3255 52
3256 52
3257 52
3258 52
3259 52
3260 52
3261 52
3262 52
3263 52
3264 52
3265 52
3266 52
3267 52
3268 52
3269 52
3270 52
3271 52
3272 52
3273 52
3274 52
3275 52
3276 52
3277 52
3278 52
3279 52
3280 52
3281 52
3282 52
3283 52
3284 52
3285 52
3286 52
3287 52
3288 52
3289 52
3290 52
3291 52
3292 52
3293 52
3294 52
3295 52
3296 52
3297 52
3298 52
3299 52
3300 52
3301 52
3302 52
3303 52
3304 52
3305 52
3306 52
3307 52
3308 52
3309 52
3310 52
3311 52
3312 52
3313 52
3314 52
3315 52
3316 52
3317 52
3318 52
3319 52
3320 52
3321 52
3322 52
3323 52
3324 52
3325 52
3326 52
3327 52
3328 52
3329 52
3330 52
3331 52
3332 52
3333 52
3334 52
3335 52
3336 52
3337 52
3338 52
3339 52
3340 52
3341 52
3342 52
3343 52
3344 52
3345 52
3346 52
3347 52
3348 52
3349 52
3350 52
3351 52
3352 52
3353 52
3354 52
3355 52
3356 52
3357 52
3358 52
3359 52
3360 52
3361 52
3362 52
3363 52
3364 52
3365 52
3366 52
3367 52
3368 52
3369 52
3370 52
3371 52
3372 52
3373 52
3374 52
3375 52
3376 52
3377 52
3378 52
3379 52
3380 52
3381 52
3382 52
3383 52
3384 52
3385 52
3386 52
3387 52
3388 52
3389 52
3390 52
3391 52
3392 52
3393 52
3394 52
3395 52
3396 52
3397 52
3398 52
3399 52
3400 52
3401 52
3402 52
3403 52
3404 52
3405 52
3406 52
3407 52
3408 52
3409 52
3410 52
3411 52
3412 52
3413 52
3414 48
3415 48
3416 48
3417 48
3418 48
3419 48
3420 48
3421 48
3422 48
3423 48
3424 48
3425 48
3426 48
3427 48
3428 48
3429 48
3430 48
3431 48
3432 48
3433 48
3434 48
3435 48
3436 48
3437 48
3438 48
3439 48
3440 48
3441 48
3442 48
3443 48
3444 48
3445 48
3446 48
3447 48
3448 48
3449 48
3450 48
3451 48
3452 48
3453 48
3454 48
3455 48
3456 48
3457 48
3458 48
3459 48
3460 48
3461 48
3462 48
3463 48
3464 48
3465 48
3466 48
3467 48
3468 48
3469 48
3470 48
3471 48
3472 48
3473 48
3474 48
3475 48
3476 48
3477 48
3478 48
3479 48
3480 48
3481 48
3482 48
3483 48
3484 48
3485 48
3486 48
3487 48
3488 48
3489 48
3490 48
3491 48
3492 48
3493 48
3494 48
3495 48
3496 48
3497 48
3498 48
3499 48
3500 48
3501 48
3502 48
3503 48
3504 48
3505 48
3506 48
3507 48
3508 48
3509 48
3510 48
3511 48
3512 48
3513 48
3514 48
3515 48
3516 48
3517 48
3518 48
3519 48
3520 48
3521 48
3522 48
3523 48
3524 48
3525 48
3526 48
3527 48
3528 48
3529 48
3530 48
3531 48
3532 48
3533 48
3534 48
3535 48
3536 48
3537 48
3538 48
3539 48
3540 48
3541 48
3542 48
3543 48
3544 48
3545 48
3546 48
3547 48
3548 48
3549 48
3550 48
3551 48
3552 48
3553 48
3554 48
3555 48
3556 48
3557 48
3558 48
3559 48
3560 48
3561 48
3562 48
3563 48
3564 48
3565 48
3566 48
3567 48
3568 48
3569 48
3570 48
3571 48
3572 48
3573 48
3574 48
3575 48
3576 48
3577 48
3578 48
3579 48
3580 48
3581 48
3582 48
3583 48
3584 48
3585 48
3586 48
3587 48
3588 48
3589 48
3590 48
3591 48
3592 48
3593 48
3594 48
3595 48
3596 48
3597 48
3598 48
3599 48
3600 48
3601 48
3602 48
3603 48
3604 48
3605 48
3606 48
3607 48
3608 48
3609 48
3610 48
3611 48
3612 48
3613 48
3614 48
3615 48
3616 48
3617 48
3618 48
3619 48
3620 48
3621 48
3622 48
3623 48
3624 48
3625 48
3626 48
3627 48
3628 48
3629 48
3630 48
3631 48
3632 48
3633 48
3634 48
3635 48
3636 48
3637 48
3638 48
3639 48
3640 48
3641 48
3642 48
3643 48
3644 48
3645 48
3646 48
3647 48
3648 48
3649 48
3650 48
3651 48
3652 48
3653 48
3654 48
3655 48
3656 48
3657 48
3658 48
3659 48
3660 48
3661 48
3662 48
3663 48
3664 48
3665 48
3666 48
3667 48
3668 48
3669 48
3670 48
3671 48
3672 48
3673 48
3674 48
3675 48
3676 48
3677 48
3678 48
3679 48
3680 48
3681 48
3682 48
3683 48
3684 48
3685 48
3686 48
3687 48
3688 48
3689 48
3690 48
3691 48
3692 48
3693 48
3694 48
3695 48
3696 48
3697 48
3698 48
3699 48
3700 48
3701 48
3702 48
3703 48
3704 48
3705 48
3706 48
3707 48
3708 48
3709 48
3710 48
3711 48
3712 48
3713 48
3714 48
3715 48
3716 48
3717 48
3718 48
3719 48
3720 48
3721 48
3722 48
3723 48
3724 48
3725 48
3726 48
3727 48
3728 48
3729 48
3730 48
3731 48
3732 48
3733 48
3734 48
3735 48
3736 48
3737 48
3738 48
3739 48
3740 48
3741 48
3742 48
3743 48
3744 48
3745 48
3746 48
3747 48
3748 48
3749 48
3750 48
3751 48
3752 48
3753 48
3754 48
3755 48
3756 48
3757 48
3758 48
3759 48
3760 48
3761 48
3762 48
3763 48
3764 48
3765 48
3766 48
3767 48
3768 48
3769 48
3770 48
3771 48
3772 48
3773 48
3774 48
3775 48
3776 48
3777 48
3778 48
3779 48
3780 48
3781 48
3782 48
3783 48
3784 48
3785 48
3786 48
3787 48
3788 48
3789 48
3790 48
3791 48
3792 48
3793 48
3794 48
3795 48
3796 48
3797 48
3798 48
3799 48
3800 48
3801 48
3802 48
3803 48
3804 48
3805 48
3806 48
3807 48
3808 48
3809 48
3810 48
3811 48
3812 48
3813 48
3814 48
3815 48
3816 48
3817 48
3818 48
3819 48
3820 48
3821 48
3822 48
3823 48
3824 48
3825 48
3826 48
3827 48
3828 48
3829 48
3830 48
3831 48
3832 48
3833 48
3834 48
3835 48
3836 48
3837 48
3838 48
3839 48
3840 48
3841 48
3842 48
3843 48
3844 48
3845 48
3846 48
3847 48
3848 48
3849 48
3850 48
3851 48
3852 48
3853 48
3854 48
3855 48
3856 48
3857 48
3858 48
3859 48
3860 48
3861 48
3862 48
3863 48
3864 48
3865 48
3866 48
3867 48
3868 48
3869 48
3870 48
3871 48
3872 48
3873 48
3874 48
3875 48
3876 48
3877 48
3878 48
3879 48
3880 48
3881 48
3882 48
3883 48
3884 48
3885 48
3886 48
3887 48
3888 48
3889 48
3890 48
3891 48
3892 48
3893 48
3894 48
3895 48
3896 48
3897 48
3898 48
3899 48
3900 48
3901 48
3902 48
3903 48
3904 48
3905 48
3906 48
3907 48
3908 48
3909 48
3910 48
3911 48
3912 48
3913 48
3914 48
3915 48
3916 48
3917 48
3918 48
3919 48
3920 48
3921 48
3922 48
3923 48
3924 48
3925 48
3926 48
3927 48
3928 48
3929 48
3930 48
3931 48
3932 48
3933 48
3934 48
3935 48
3936 48
3937 48
3938 48
3939 48
3940 48
3941 48
3942 48
3943 48
3944 48
3945 48
3946 48
3947 48
3948 48
3949 48
3950 48
3951 48
3952 48
3953 48
3954 48
3955 48
3956 48
3957 48
3958 48
3959 48
3960 48
3961 48
3962 48
3963 48
3964 46
3965 46
3966 46
3967 46
3968 46
3969 46
3970 46
3971 46
3972 46
3973 46
3974 46
3975 46
3976 46
3977 46
3978 46
3979 46
3980 46
3981 46
3982 46
3983 46
3984 46
3985 46
3986 46
3987 46
3988 46
3989 46
3990 46
3991 46
3992 46
3993 46
3994 46
3995 46
3996 46
3997 46
3998 46
3999 46
4000 46
4001 46
4002 46
4003 46
4004 46
4005 46
4006 46
4007 46
4008 46
4009 46
4010 46
4011 46
4012 46
4013 46
4014 46
4015 46
4016 46
4017 46
4018 46
4019 46
4020 46
4021 46
4022 46
4023 46
4024 46
4025 46
4026 46
4027 46
4028 46
4029 46
4030 46
4031 46
4032 46
4033 46
4034 46
4035 46
4036 46
4037 46
4038 46
4039 46
4040 46
4041 46
4042 46
4043 46
4044 46
4045 46
4046 46
4047 46
4048 46
4049 46
4050 46
4051 46
4052 46
4053 46
4054 46
4055 46
4056 46
4057 46
4058 46
4059 46
4060 46
4061 46
4062 46
4063 46
4064 46
4065 46
4066 46
4067 46
4068 46
4069 46
4070 46
4071 46
4072 46
4073 46
4074 46
4075 46
4076 46
4077 46
4078 46
4079 46
4080 46
4081 46
4082 46
4083 46
4084 46
4085 46
4086 46
4087 46
4088 46
4089 46
4090 46
4091 46
4092 46
4093 46
4094 46
4095 46
4096 46
4097 46
4098 46
4099 46
4100 46
4101 46
4102 46
4103 46
4104 46
4105 46
4106 46
4107 46
4108 46
4109 46
4110 46
4111 46
4112 46
4113 46
4114 46
4115 46
4116 46
4117 46
4118 46
4119 46
4120 46
4121 46
4122 46
4123 46
4124 46
4125 46
4126 46
4127 46
4128 46
4129 46
4130 46
4131 46
4132 46
4133 46
4134 46
4135 46
4136 46
4137 46
4138 46
4139 46
4140 46
4141 46
4142 46
4143 46
4144 46
4145 46
4146 46
4147 46
4148 46
4149 46
4150 46
4151 46
4152 46
4153 46
4154 46
4155 46
4156 46
4157 46
4158 46
4159 46
4160 46
4161 46
4162 46
4163 46
4164 46
4165 46
4166 46
4167 46
4168 46
4169 46
4170 46
4171 46
4172 46
4173 46
4174 46
4175 46
4176 46
4177 46
4178 46
4179 46
4180 46
4181 46
4182 46
4183 46
4184 46
4185 46
4186 46
4187 46
4188 46
4189 46
4190 46
4191 46
4192 46
4193 46
4194 46
4195 46
4196 46
4197 46
4198 46
4199 46
4200 46
4201 46
4202 46
4203 46
4204 46
4205 46
4206 46
4207 46
4208 46
4209 46
4210 46
4211 46
4212 46
4213 46
4214 46
4215 46
4216 46
4217 46
4218 46
4219 46
4220 46
4221 46
4222 46
4223 46
4224 46
4225 46
4226 46
4227 46
4228 46
4229 46
4230 46
4231 46
4232 46
4233 46
4234 46
4235 46
4236 46
4237 46
4238 46
4239 46
4240 46
4241 46
4242 46
4243 46
4244 46
4245 46
4246 46
4247 46
4248 46
4249 46
4250 46
4251 46
4252 46
4253 46
4254 46
4255 46
4256 46
4257 46
4258 46
4259 46
4260 46
4261 46
4262 46
4263 46
4264 46
4265 46
4266 46
4267 46
4268 46
4269 46
4270 46
4271 46
4272 46
4273 46
4274 46
4275 46
4276 46
4277 46
4278 46
4279 46
4280 46
4281 46
4282 46
4283 46
4284 46
4285 46
4286 46
4287 46
4288 46
4289 46
4290 46
4291 46
4292 46
4293 46
4294 46
4295 46
4296 46
4297 46
4298 46
4299 46
4300 46
4301 46
4302 46
4303 46
4304 46
4305 46
4306 46
4307 46
4308 46
4309 46
4310 46
4311 46
4312 46
4313 46
4314 46
4315 46
4316 46
4317 46
4318 46
4319 46
4320 46
4321 46
4322 46
4323 46
4324 46
4325 46
4326 46
4327 46
4328 46
4329 46
4330 46
4331 46
4332 46
4333 46
4334 46
4335 46
4336 46
4337 46
4338 46
4339 46
4340 46
4341 46
4342 46
4343 46
4344 46
4345 46
4346 46
4347 46
4348 46
4349 46
4350 46
4351 46
4352 46
4353 46
4354 46
4355 46
4356 46
4357 46
4358 46
4359 46
4360 46
4361 46
4362 46
4363 46
4364 46
4365 46
4366 46
4367 46
4368 46
4369 46
4370 46
4371 46
4372 46
4373 46
4374 46
4375 46
4376 46
4377 46
4378 46
4379 46
4380 46
4381 46
4382 46
4383 46
4384 46
4385 46
4386 46
4387 46
4388 46
4389 46
4390 46
4391 46
4392 46
4393 46
4394 46
4395 46
4396 46
4397 46
4398 46
4399 46
4400 46
4401 46
4402 46
4403 46
4404 46
4405 46
4406 46
4407 46
4408 46
4409 46
4410 46
4411 46
4412 46
4413 46
4414 46
4415 46
4416 46
4417 46
4418 46
4419 46
4420 46
4421 46
4422 46
4423 46
4424 46
4425 46
4426 46
4427 46
4428 46
4429 46
4430 46
4431 46
4432 46
4433 46
4434 46
4435 46
4436 46
4437 46
4438 46
4439 46
4440 46
4441 46
4442 46
4443 46
4444 46
4445 46
4446 46
4447 46
4448 46
4449 46
4450 46
4451 46
4452 46
4453 46
4454 46
4455 46
4456 46
4457 46
4458 46
4459 46
4460 46
4461 46
4462 46
4463 46
4464 46
4465 46
4466 46
4467 46
4468 46
4469 46
4470 46
4471 46
4472 46
4473 46
4474 46
4475 46
4476 46
4477 46
4478 46
4479 46
4480 46
4481 46
4482 46
4483 46
4484 46
4485 46
4486 46
4487 46
4488 46
4489 46
4490 46
4491 46
4492 46
4493 46
4494 46
4495 46
4496 46
4497 46
4498 46
4499 46
4500 46
4501 46
4502 46
4503 46
4504 46
4505 46
4506 46
4507 46
4508 46
4509 46
4510 46
4511 46
4512 46
4513 46
4514 46
4515 46
4516 46
4517 46
4518 46
4519 46
4520 46
4521 46
4522 46
4523 46
4524 46
4525 46
4526 46
4527 46
4528 46
4529 46
4530 46
4531 46
4532 46
4533 46
4534 46
4535 46
4536 46
4537 46
4538 46
4539 46
4540 46
4541 46
4542 46
4543 46
4544 46
4545 46
4546 46
4547 46
4548 46
4549 46
4550 46
4551 46
4552 46
4553 46
4554 46
4555 46
4556 46
4557 46
4558 46
4559 46
4560 46
4561 46
4562 46
4563 46
4564 46
4565 46
4566 46
4567 46
4568 46
4569 46
4570 46
4571 46
4572 46
4573 46
4574 46
4575 46
4576 46
4577 46
4578 46
4579 46
4580 46
4581 45
4582 45
4583 45
4584 45
4585 45
4586 45
4587 45
4588 45
4589 45
4590 45
4591 45
4592 45
4593 45
4594 45
4595 45
4596 45
4597 45
4598 45
4599 45
4600 45
4601 45
4602 45
4603 45
4604 45
4605 45
4606 45
4607 45
4608 45
4609 45
4610 45
4611 45
4612 45
4613 45
4614 45
4615 45
4616 45
4617 45
4618 45
4619 45
4620 45
4621 45
4622 45
4623 45
4624 45
4625 45
4626 45
4627 45
4628 45
4629 45
4630 45
4631 45
4632 45
4633 45
4634 45
4635 45
4636 45
4637 45
4638 45
4639 45
4640 45
4641 45
4642 45
4643 45
4644 45
4645 45
4646 45
4647 45
4648 45
4649 45
4650 45
4651 45
4652 45
4653 45
4654 45
4655 45
4656 45
4657 45
4658 45
4659 45
4660 45
4661 45
4662 45
4663 45
4664 45
4665 45
4666 45
4667 45
4668 45
4669 45
4670 45
4671 45
4672 45
4673 45
4674 45
4675 45
4676 45
4677 45
4678 45
4679 45
4680 45
4681 45
4682 45
4683 45
4684 45
4685 45
4686 45
4687 45
4688 45
4689 45
4690 45
4691 45
4692 45
4693 45
4694 45
4695 45
4696 45
4697 45
4698 45
4699 45
4700 45
4701 45
4702 45
4703 45
4704 45
4705 45
4706 45
4707 45
4708 45
4709 45
4710 45
4711 45
4712 45
4713 45
4714 45
4715 45
4716 45
4717 45
4718 45
4719 45
4720 45
4721 45
4722 45
4723 45
4724 45
4725 45
4726 45
4727 45
4728 45
4729 45
4730 45
4731 45
4732 45
4733 45
4734 45
4735 45
4736 45
4737 45
4738 45
4739 45
4740 45
4741 45
4742 45
4743 45
4744 45
4745 45
4746 45
4747 45
4748 45
4749 45
4750 45
4751 45
4752 45
4753 45
4754 45
4755 45
4756 45
4757 45
4758 45
4759 45
4760 45
4761 45
4762 45
4763 45
4764 45
4765 45
4766 45
4767 45
4768 45
4769 45
4770 45
4771 45
4772 45
4773 45
4774 45
4775 45
4776 45
4777 45
4778 45
4779 45
4780 45
4781 45
4782 45
4783 45
4784 45
4785 45
4786 45
4787 45
4788 45
4789 45
4790 45
4791 45
4792 45
4793 45
4794 45
4795 45
4796 45
4797 45
4798 45
4799 45
4800 45
4801 45
4802 45
4803 45
4804 45
4805 45
4806 45
4807 45
4808 45
4809 45
4810 45
4811 45
4812 45
4813 45
4814 45
4815 45
4816 45
4817 45
4818 45
4819 45
4820 45
4821 45
4822 45
4823 45
4824 45
4825 45
4826 45
4827 45
4828 45
4829 45
4830 45
4831 45
4832 45
4833 45
4834 45
4835 45
4836 45
4837 45
4838 45
4839 45
4840 45
4841 45
4842 45
4843 45
4844 45
4845 45
4846 45
4847 45
4848 45
4849 45
4850 45
4851 45
4852 45
4853 45
4854 45
4855 45
4856 45
4857 45
4858 45
4859 45
4860 45
4861 45
4862 45
4863 45
4864 45
4865 45
4866 45
4867 45
4868 45
4869 45
4870 45
4871 45
4872 45
4873 45
4874 45
4875 45
4876 45
4877 45
4878 45
4879 45
4880 45
4881 45
4882 45
4883 45
4884 45
4885 45
4886 45
4887 45
4888 45
4889 45
4890 45
4891 45
4892 45
4893 45
4894 45
4895 45
4896 45
4897 45
4898 45
4899 45
4900 45
4901 45
4902 45
4903 45
4904 45
4905 45
4906 45
4907 45
4908 45
4909 45
4910 45
4911 45
4912 45
4913 45
4914 45
4915 45
4916 45
4917 45
4918 45
4919 45
4920 45
4921 45
4922 45
4923 45
4924 45
4925 45
4926 45
4927 45
4928 45
4929 45
4930 45
4931 45
4932 45
4933 45
4934 45
4935 45
4936 45
4937 45
4938 45
4939 45
4940 45
4941 45
4942 45
4943 45
4944 45
4945 45
4946 45
4947 45
4948 45
4949 45
4950 45
4951 45
4952 45
4953 45
4954 45
4955 45
4956 45
4957 45
4958 45
4959 45
4960 45
4961 45
4962 45
4963 45
4964 45
4965 45
4966 45
4967 45
4968 45
4969 45
4970 45
4971 45
4972 45
4973 45
4974 45
4975 45
4976 45
4977 45
4978 45
4979 45
4980 45
4981 45
4982 45
4983 45
4984 45
4985 45
4986 45
4987 45
4988 45
4989 45
4990 45
4991 45
4992 45
4993 45
4994 45
4995 45
4996 45
4997 45
4998 45
4999 45
5000 45
